HRD	Telomeric AI	LST	HRD-sum
OB_15_0053.T1	17	21	28	66
OB_15_0058.T1	16	20	25	61
OB_15_0058.T3	15	28	26	69
OB_15_0067.T1	16	26	22	64
OB_15_0067.T2	5	7	7	19
OB_15_0069.T1	12	27	21	60
OB_15_0069.T3	14	25	17	56
OB_15_0074.T1	19	23	26	68
OB_15_0074.T2	15	26	30	71
OB_15_0080.T1	1	23	28	52
OB_15_0080.T2	0	9	26	35
OB_15_0107.T1	18	30	42	90
OB_15_0107.T2	21	36	29	86
OB_15_0107.T3	25	27	35	87
OB_15_0119.T1	18	25	26	69
OB_15_0139.T1	13	26	34	73
OB_15_0139.T2	0	15	31	46
OB_15_0139.T3	19	32	40	91
OB_15_0157.T1	13	32	27	72
OB_15_0157.T2	14	22	22	58
OB_15_0157.T3	15	30	27	72
OB_15_0169.T1	10	32	26	68
OB_15_0169.T2	6	25	22	53
OB_15_0170.T1	1	19	22	42
OB_15_0170.T2	2	19	25	46
OB_15_0181.T1	0	22	27	49
OB_15_0181.T2	9	6	19	34
OB_15_0190.T1	14	31	28	73
OB_15_0190.T2	14	8	22	44
OB_15_0190.T3	18	37	12	67
OB_15_0197.T1	4	31	21	56
OB_15_0197.T2	4	18	17	39
OB_15_0201.T1	9	14	30	53
OB_15_0201.T2	0	17	21	38
OB_15_0201.T3	8	7	11	26
OB_15_0202.T1	25	34	33	92
OB_15_0208.T1	3	20	24	47
OB_15_0208.T2	8	14	20	42
OB_15_0208.T3	2	3	2	7
OB_15_0234.T1	3	17	23	43
OB_15_0234.T2	11	21	29	61
OB_15_0238.T1	6	21	26	53
OB_15_0238.T2	1	19	29	49
OB_15_0243.T1	0	8	14	22
OB_15_0243.T2	6	15	20	41
OB_15_0246.T1	0	19	21	40
OB_15_0246.T2	4	17	24	45
OB_15_0251.T1	6	13	18	37
OB_15_0251.T2	0	17	19	36
OB_15_0253.T2	2	15	18	35
OB_15_0273.T1	5	21	26	52
OB_15_0273.T2	0	14	26	40
OB_15_0273.T3	8	12	25	45
OB_15_0281.T1	8	21	17	46
OB_15_0281.T2	2	14	22	38
OB_15_0286.T1	3	25	25	53
OB_15_0286.T2	1	4	20	25
OB_15_0295.T1	15	15	13	43
OB_15_0295.T2	0	11	21	32
OB_15_0298.T1	23	31	28	82
OB_15_0298.T2	2	19	28	49
OB_15_0299.T1	9	34	25	68
OB_15_0299.T2	1	28	18	47
OB_15_0299.T3	11	26	18	55
OB_15_0304.T1	2	28	15	45
OB_15_0304.T2	2	11	20	33
OB_15_0306.T1	11	6	13	30
OB_15_0306.T2	0	6	5	11
OB_16_0005.T1	1	21	15	37
OB_16_0005.T2	2	17	18	37
OB_16_0006.T1	22	39	22	83
OB_16_0006.T2	5	29	10	44
OB_16_0012.T1	10	13	19	42
OB_16_0012.T2	3	16	17	36
OB_16_0029.T1	7	22	20	49
OB_16_0029.T2	2	19	24	45
OB_16_0030.T1	4	13	16	33
OB_16_0033.T1	16	35	21	72
OB_16_0033.T2	3	15	27	45
OB_16_0051.T1	4	18	28	50
OB_16_0070.T1	12	12	15	39
OB_16_0070.T2	8	8	18	34
OB_16_0078.T1	2	14	21	37
OB_16_0078.T2	3	20	24	47
OB_16_0080.T1	3	18	7	28
OB_16_0080.T2	6	21	6	33
OB_16_0080.T3	9	23	22	54
OB_16_0081.T1	8	22	27	57
OB_16_0081.T2	2	10	21	33
OB_16_0089.T1	3	14	28	45
OB_16_0095.T1	29	32	30	91
OB_16_0095.T2	0	16	21	37
OB_16_0095.T3	30	34	27	91
OB_16_0096.T1	3	22	11	36
OB_16_0096.T2	6	21	23	50
OB_16_0100.T1	11	15	18	44
OB_16_0100.T2	1	12	19	32
OB_16_0101.T1	2	13	30	45
OB_16_0101.T2	14	27	20	61
OB_16_0101.T3	13	22	13	48
OB_16_0102.T1	4	30	24	58
OB_16_0102.T2	1	26	20	47
OB_16_0108.T1	11	27	27	65
OB_16_0115.T1	1	16	27	44
OB_16_0115.T2	0	27	18	45
OB_16_0115.T3	21	32	18	71
OB_16_0118.T1	15	14	18	47
OB_16_0118.T2	2	19	35	56
OB_16_0121.T1	14	6	20	40
OB_16_0121.T2	9	14	23	46
OB_16_0123.T1	12	21	19	52
OB_16_0123.T2	1	21	18	40
OB_16_0131.T1	4	20	27	51
OB_16_0131.T2	7	7	20	34
OB_16_0147.T1	19	36	25	80
OB_16_0149.T1	7	26	22	55
OB_16_0153.T2	4	21	30	55
OB_16_0156.T2	6	25	20	51
OB_16_0168.T2	5	8	8	21
OB_16_0173.T1	1	28	19	48
OB_16_0173.T2	9	12	20	41
OB_16_0175.T1	23	33	15	71
OB_16_0175.T2	21	29	25	75
OB_16_0184.T1	5	12	18	35
OB_16_0184.T2	1	15	16	32
OB_16_0184.T3	4	7	10	21
OB_16_0188.T1	0	16	18	34
OB_16_0188.T2	4	15	20	39
OB_16_0191.T1	13	18	28	59
OB_16_0191.T2	7	20	16	43
OB_16_0191.T3	4	20	13	37
OB_16_0192.T1	0	23	24	47
OB_16_0192.T2	1	22	12	35
OB_16_0199.T1	12	22	14	48
OB_16_0207.T1	21	15	31	67
OB_16_0207.T2	0	15	25	40
OB_16_0215.T1	2	24	20	46
OB_16_0215.T2	4	15	20	39
OB_16_0221.T1	0	9	11	20
OB_16_0234.T1	10	16	26	52
OB_16_0234.T2	6	18	36	60
OB_16_0237.T1	6	22	21	49
OB_16_0237.T2	0	19	22	41
OB_16_0240.T1	7	24	19	50
OB_16_0240.T2	10	20	20	50
OB_16_0243.T1	0	27	26	53
OB_16_0243.T2	5	22	11	38
OB_16_0244.T1	7	10	3	20
OB_16_0244.T2	3	7	4	14
OB_16_0252.T1	2	17	28	47
OB_16_0252.T2	5	19	27	51
OB_16_0253.T1	0	11	11	22
OB_16_0259.T1	0	4	14	18
OB_16_0259.T2	0	20	15	35
OB_16_0269.T1	3	25	20	48
OB_16_0269.T2	1	25	18	44
OB_16_0273.T1	3	17	14	34
OB_16_0273.T2	1	11	13	25
OB_16_0283.T1	3	14	19	36
OB_16_0283.T2	1	11	20	32
OB_16_0315.T1	2	20	24	46
OB_16_0315.T2	1	19	15	35
OB_16_0315.T3	1	18	19	38
OB_16_0317.T1	10	29	25	64
OB_16_0320.T1	12	26	21	59
OB_16_0320.T2	1	11	15	27
OB_16_0336.T2	3	14	21	38
OB_16_0341.T1	8	11	18	37
OB_16_0341.T2	7	16	19	42
OB_16_0344.T1	0	22	26	48
OB_16_0344.T2	4	24	34	62
OB_16_0344.T3	8	23	23	54
OB_16_0347.T1	5	9	8	22
OB_16_0348.T2	20	26	25	71
OB_16_0355.T1	7	8	21	36
OB_16_0359.T1	1	2	8	11
OB_16_0359.T2	3	22	30	55
OB_16_0361.T2	14	14	21	49
OB_16_0364.T2	3	13	18	34
OB_16_0364.T3	8	16	17	41
OB_16_0719.T1	11	19	20	50
OB_17_0001.T1	16	29	21	66
OB_17_0001.T2	3	9	8	20
OB_17_0001.T3	1	21	19	41
OB_17_0018.T2	7	22	24	53
OB_17_0038.T1	6	27	19	52
OB_17_0038.T2	0	14	25	39
OB_17_0038.T3	0	18	22	40
OB_17_0045.T1	13	16	16	45
OB_17_0050.T1	8	26	23	57
OB_17_0058.T1	5	16	23	44
OB_17_0058.T2	2	13	24	39
OB_17_0066.T1	0	20	24	44
OB_17_0066.T2	4	11	24	39
OB_17_0084.T1	17	31	26	74
OB_17_0084.T2	5	23	25	53
OB_17_0099.T1	4	19	24	47
OB_17_0099.T2	6	11	19	36
OB_17_0100.T1	14	20	20	54
OB_17_0100.T2	1	15	24	40
OB_17_0106.T1	12	26	20	58
OB_17_0106.T2	6	17	15	38
OB_17_0127.T1	1	22	21	44
OB_17_0127.T2	1	16	28	45
OB_17_0128.T1	3	15	25	43
OB_17_0128.T2	7	15	24	46
OB_17_0134.T1	3	25	19	47
OB_17_0134.T2	6	9	21	36
OB_17_0155.T1	6	24	27	57
OB_17_0155.T2	6	11	18	35
OB_17_0155.T3	8	19	17	44
OB_17_0166.T1	1	18	20	39
OB_17_0166.T2	5	18	17	40
OB_17_0169.T1	7	18	20	45
OB_17_0169.T2	5	21	17	43
OB_17_0171.T1	7	23	25	55
OB_17_0171.T2	6	30	29	65
OB_17_0179.T1	1	27	18	46
OB_17_0179.T2	5	16	26	47
OB_17_0181.T1	5	21	18	44
OB_17_0181.T2	2	20	14	36
OB_17_0183.T1	7	36	19	62
OB_17_0202.T1	19	32	28	79
OB_17_0202.T2	3	14	22	39
OB_17_0230.T1	2	23	24	49
OB_17_0230.T2	0	8	19	27
OB_17_0234.T1	0	22	16	38
OB_17_0234.T2	4	24	24	52
OB_17_0234.T3	11	14	4	29
OB_17_0245.T1	5	16	29	50
OB_17_0245.T2	10	17	24	51
OB_17_0249.T1	2	24	26	52
OB_17_0249.T2	3	12	24	39
OB_17_0255.T2	0	17	23	40
OB_17_0257.T1	7	16	12	35
OB_17_0257.T2	3	22	20	45
OB_17_0266.T1	4	25	19	48
OB_17_0266.T2	2	19	24	45
OB_17_0275.T1	4	21	15	40
OB_17_0275.T2	9	32	14	55
OB_17_0278.T1	3	11	19	33
OB_17_0286.T1	6	14	21	41
OB_17_0286.T2	0	16	19	35
OB_17_0290.T1	5	27	22	54
OB_17_0294.T1	21	25	29	75
OB_17_0294.T2	5	35	27	67
OB_17_0312.T1	7	33	18	58
OB_17_0312.T2	10	18	13	41
